                         Seat_comfort  Seat_Class  Arrival_time_convenient  Catering  Platform_location  Onboardwifi_service  Onboard_entertainment  Online_support  Onlinebooking_Ease  Onboard_service  Leg_room  Baggage_handling
Seat_comfort                 1.941753   -0.003592                 0.921065  1.433920          -0.135900             0.244274               0.803535        0.229344            0.392311         0.200746  0.243247          0.191364
Seat_Class                  -0.003592    0.250001                -0.005309 -0.003998          -0.003488            -0.001023              -0.001085       -0.001415            0.005570         0.000486  0.002597          0.000087
Arrival_time_convenient      0.921065   -0.005309                 2.321558  1.156563          -0.160345            -0.009177               0.156465       -0.005880            0.006957         0.094254  0.059497          0.107239
Catering                     1.433920   -0.003998                 1.156563  2.079561          -0.182913             0.049907               0.719019        0.056957            0.074758         0.060253  0.139389          0.061891
Platform_location           -0.135900   -0.003488                -0.160345 -0.182913           1.955692            -0.057852              -0.175401       -0.111741           -0.121994        -0.148049 -0.089333         -0.050990
Onboardwifi_service          0.244274   -0.001023                -0.009177  0.049907          -0.057852             1.734649               0.453342        0.955510            1.026440         0.085959  0.056010          0.049457
Onboard_entertainment        0.803535   -0.001085                 0.156465  0.719019          -0.175401             0.453342               1.809270        0.783842            0.573480         0.303103  0.287934          0.193422
Online_support               0.229344   -0.001415                -0.005880  0.056957          -0.111741             0.955510               0.783842        1.695566            1.051311         0.257965  0.246443          0.157680
Onlinebooking_Ease           0.392311    0.005570                 0.006957  0.074758          -0.121994             1.026440               0.573480        1.051311            1.704509         0.722824  0.606418          0.600119
Onboard_service              0.200746    0.000486                 0.094254  0.060253          -0.148049             0.085959               0.303103        0.257965            0.722824         1.626682  0.680239          0.789401
Leg_room                     0.243247    0.002597                 0.059497  0.139389          -0.089333             0.056010               0.287934        0.246443            0.606418         0.680239  1.667809          0.612052
Baggage_handling             0.191364    0.000087                 0.107239  0.061891          -0.050990             0.049457               0.193422        0.157680            0.600119         0.789401  0.612052          1.336395
                         Seat_comfort  Seat_Class  Arrival_time_convenient  Catering  Platform_location  Onboardwifi_service  Onboard_entertainment  Online_support  Onlinebooking_Ease  Onboard_service  Leg_room  Baggage_handling
Seat_comfort                 1.000000   -0.005155                 0.434494  0.712981          -0.069726             0.133094               0.428739        0.126408            0.215688         0.112798  0.135157          0.118795
Seat_Class                  -0.005155    1.000000                -0.006969 -0.005545          -0.004988            -0.001553              -0.001613       -0.002174            0.008532         0.000763  0.004021          0.000151
Arrival_time_convenient      0.434494   -0.006969                 1.000000  0.527365          -0.075248            -0.004578               0.076564       -0.002966            0.003499         0.048476  0.030221          0.060793
Catering                     0.712981   -0.005545                 0.527365  1.000000          -0.090658             0.026270               0.370530        0.030370            0.039714         0.032713  0.074939          0.037130
Platform_location           -0.069726   -0.004988                -0.075248 -0.090658           1.000000            -0.031410              -0.093245       -0.061363           -0.066813        -0.083022 -0.049461         -0.031540
Onboardwifi_service          0.133094   -0.001553                -0.004578  0.026270          -0.031410             1.000000               0.255897        0.557180            0.596931         0.051116  0.032927          0.032484
Onboard_entertainment        0.428739   -0.001613                 0.076564  0.370530          -0.093245             0.255897               1.000000        0.447543            0.326554         0.176582  0.165746          0.124394
Online_support               0.126408   -0.002174                -0.002966  0.030370          -0.061363             0.557180               0.447543        1.000000            0.618368         0.155128  0.146541          0.104739
Onlinebooking_Ease           0.215688    0.008532                 0.003499  0.039714          -0.066813             0.596931               0.326554        0.618368            1.000000         0.433364  0.359696          0.397656
Onboard_service              0.112798    0.000763                 0.048476  0.032713          -0.083022             0.051116               0.176582        0.155128            0.433364         1.000000  0.412767          0.535404
Leg_room                     0.135157    0.004021                 0.030221  0.074939          -0.049461             0.032927               0.165746        0.146541            0.359696         0.412767  1.000000          0.409931
Baggage_handling             0.118795    0.000151                 0.060793  0.037130          -0.031540             0.032484               0.124394        0.104739            0.397656         0.535404  0.409931          1.000000
                         Seat_comfort  Seat_Class  Arrival_time_convenient  Catering  Platform_location  Onboardwifi_service  Onboard_entertainment  Online_support  Onlinebooking_Ease  Onboard_service  Leg_room  Baggage_handling
Seat_comfort                 1.000000   -0.005450                 0.438806  0.701831          -0.044897             0.132628               0.400207        0.124628            0.205354         0.109573  0.123228          0.112169
Seat_Class                  -0.005450    1.000000                -0.007125 -0.005458          -0.005551            -0.001659              -0.001425       -0.001617            0.009050         0.000685  0.004052         -0.000415
Arrival_time_convenient      0.438806   -0.007125                 1.000000  0.538870          -0.079840            -0.007304               0.061672       -0.005517           -0.001303         0.049060  0.023343          0.070064
Catering                     0.701831   -0.005458                 0.538870  1.000000          -0.061912             0.023014               0.324329        0.026739            0.034449         0.030000  0.063773          0.034436
Platform_location           -0.044897   -0.005551                -0.079840 -0.061912           1.000000            -0.031139              -0.097360       -0.059938           -0.064833        -0.083421 -0.046849         -0.047909
Onboardwifi_service          0.132628   -0.001659                -0.007304  0.023014          -0.031139             1.000000               0.260251        0.534069            0.575705         0.049466  0.029426          0.046019
Onboard_entertainment        0.400207   -0.001425                 0.061672  0.324329          -0.097360             0.260251               1.000000        0.466923            0.345224         0.200567  0.181146          0.163528
Online_support               0.124628   -0.001617                -0.005517  0.026739          -0.059938             0.534069               0.466923        1.000000            0.605702         0.171569  0.156150          0.137999
Onlinebooking_Ease           0.205354    0.009050                -0.001303  0.034449          -0.064833             0.575705               0.345224        0.605702            1.000000         0.461643  0.379210          0.431078
Onboard_service              0.109573    0.000685                 0.049060  0.030000          -0.083421             0.049466               0.200567        0.171569            0.461643         1.000000  0.425854          0.558090
Leg_room                     0.123228    0.004052                 0.023343  0.063773          -0.046849             0.029426               0.181146        0.156150            0.379210         0.425854  1.000000          0.418086
Baggage_handling             0.112169   -0.000415                 0.070064  0.034436          -0.047909             0.046019               0.163528        0.137999            0.431078         0.558090  0.418086          1.000000
